00001000000000000000000000001000
00000000000000000000000000100000
00000000000000000000000000100000
00000000000000000000000000100000
00000000000000000000000000100000
00000000000000000000000000100000
00000000000000000000000000100000
00000000000000000000000000100000
00000000000000110010000001000000
00100000000101000000000000111111
00000000110000110011000000100000
00000000000000000000100000100111
00100000001010101111111111111111
10101100011001100000000000000100
10001100011001010000000000000000
00000000101001010010100000100000
00000000101001010010100000100000
10101100011001010000000000000000
00100001001010010000000000000001
10101100100010010000000000000000
10001100000011010000000000010100
10001100011001010000000000000000
00000000101001010010100000100000
00000000101001010010100000100000
10101100011001010000000000000000
10001100011001010000000000000000
00000000101010000101100000100100
00100001101011010000000000000001
00010100000011010000000000000001
00001100000000000000000000110100
10001100011001010000000000000000
00100000000100100000000000001000
00000010010100101011000000100000
00000010010101101001000000100000
00000000101100100101100000100100
00010000000010110000000000000101
00010010010010110000000000001001
00100000000100100000000000001000
00010010010010110000000000001010
10101100100010010000000000000000
00001000000000000000000000010101
00010100001010100000000000000010
00000000000000000101000000100111
00000001010010100101000000100000
10101100100010100000000000000000
00001000000000000000000000010101
10001110001010010000000001100000
10101100100010010000000000000000
00001000000000000000000000010101
10001110001010010000000000100000
10101100100010010000000000000000
00001000000000000000000000010101
10001100000011010000000000010100
00000001010010100101000000100000
00110101010010100000000000000001
00100010001100010000000000000100
00000010001101001000100000100100
00000001001000100100100000100000
00010100001010010000000000000001
00100001001010010000000000000101
10001100011001010000000000000000
00000000101001010101100000100000
00000001011010110101100000100000
10101100011010110000000000000000
10101100011001100000000000000100
00000011111000000000000000001000
